1000
29
621
4642
1099
7254
6161
3275
7954
9777
7747
1310
3068
251
983
168
3323
9329
1210
5994
3435
1690
4295
4876
2912
8326
6811
8503
3418
1029
889
3063
94
4690
7363
5154
5835
4583
8473
7953
6344
5966
4781
9450
5502
8611
3504
3554
5365
765
4330
2026
8475
8383
2953
1537
7330
522
9463
3109
1804
345
1686
7171
7877
8277
6255
8866
9492
9412
88
3446
9991
5812
7177
146
2082
5712
2262
4430
3114
5294
3405
8647
8711
595
730
9262
4993
2168
4162
2149
4820
6411
8199
6561
7721
7157
3175
5110
5080
1420
9707
8557
3384
915
1670
9082
6533
8009
6966
2702
6124
5219
1317
5225
9098
5929
811
518
1957
8360
9415
4643
8369
41
2583
4628
3258
5907
2187
8688
4492
4718
593
4345
5643
7072
2428
9776
3257
639
6202
307
8135
4327
5187
7546
5603
9598
3928
4136
554
8238
7999
8612
5958
8022
448
2634
8169
5713
1950
2595
4500
2843
4477
8517
9681
4868
6248
4482
1424
1331
7061
2227
7800
6314
1891
4173
3556
9555
174
8061
9595
4913
3378
362
2295
6430
4355
3367
8220
4218
3048
8854
2422
1689
7326
6451
5658
8995
1135
2280
171
5054
4029
2566
3305
9016
2690
4200
89
4845
1130
9505
1195
473
265
959
2256
3658
1091
8035
9102
6595
7612
2523
4925
5868
4596
3468
9911
8340
841
7947
8686
5485
5417
3331
795
8290
3112
2170
315
8783
1973
1770
339
2594
3132
5573
4508
1892
6750
6643
9620
5741
2052
3731
389
2212
9742
5706
2948
6432
5381
3154
942
7174
205
8245
2766
4681
4542
626
6065
5141
9437
2815
4156
5374
9189
6794
9477
6615
8359
8236
4284
8346
2107
4523
1663
8649
2193
5897
7113
1705
1220
4560
260
4992
4900
355
8185
8769
1383
5347
2164
8212
9940
1369
2728
7943
966
4684
6339
8605
4572
5334
7956
2705
7435
4558
5388
6651
4815
9242
1700
7415
8216
9840
8186
8678
6499
2050
9232
5041
8132
8476
6199
5858
384
1692
612
1084
8583
2710
9578
5020
7917
3653
9979
2782
6289
7542
929
4562
9687
1134
8861
2761
2145
4380
5596
7377
7724
6599
866
1512
6324
1740
9235
1076
8724
7239
2902
6362
4944
5078
528
650
7308
4322
5088
6606
5250
8721
1933
4750
5153
4839
2165
3157
9473
9498
7096
3713
4437
263
3706
761
7425
8029
7860
5839
8156
1886
9611
8648
2866
3506
1649
8270
1868
4435
3744
5732
9076
9754
2266
5273
2895
4379
268
5849
5316
2103
6685
248
2949
3649
7345
2660
7934
2031
6610
8461
3496
4882
6177
2897
1570
383
320
7081
4382
2665
3183
9932
5564
8692
9
1199
1820
2209
8168
1985
8548
6783
2703
6617
7661
9656
482
1826
2831
8966
1574
1628
4353
2687
6064
6504
8249
970
1103
6367
2277
1277
2531
5288
5580
7959
2950
922
1289
7291
8392
4729
9168
5955
1171
224
2844
4555
9533
2334
5590
6901
5923
7595
2453
2060
8241
2659
6862
2495
8453
1390
4453
5767
2750
3902
5473
7784
300
6927
6896
5984
6848
764
4228
8867
5435
8800
2327
2303
7668
8049
5210
6517
7828
6031
5101
771
3710
7225
21
9290
714
7134
9574
777
2526
4663
9592
9844
7513
4605
9631
8260
8364
5370
8246
1320
672
5799
1511
5420
3072
9696
5634
2864
3218
4984
4687
7645
6881
6774
5090
8860
57
7233
4422
2485
9493
8553
2680
9710
7309
629
9225
986
2856
4875
5155
578
5230
2927
281
2416
3661
6566
3277
8053
3465
3425
8007
6140
8114
1179
8173
8091
5738
7226
4988
1754
4212
6449
4650
4085
6697
398
1720
2189
2067
4994
827
1739
1020
2289
2323
1646
6703
6232
601
5638
1535
9061
6433
6842
7702
1865
1465
5036
1233
8158
9990
3408
4891
3399
6579
1905
530
7778
2110
7854
1945
5621
1777
9686
469
818
198
6252
4262
8104
4577
2217
3050
1874
9634
1146
2571
4062
2054
4825
2374
5832
7654
7301
490
4087
6817
3340
6822
1831
7882
1498
9203
9628
1269
6580
8257
7279
8187
7773
4303
2542
3636
4927
9691
139
3847
559
6699
8608
4287
8973
1904
8719
346
1207
45
4813
8065
1137
4852
9439
5356
3216
1299
7874
1542
7049
3754
9363
6693
4566
4210
5114
2062
3453
638
5186
5000
124
2298
7410
2088
9325
9322
75
1896
2097
5757
7163
9226
1532
1675
8857
3646
5725
8039
3489
9187
1924
7190
7774
2993
360
3732
1529
5345
9372
4604
9181
9957
3058
8210
2017
163
3230
8956
8947
9385
8738
7192
4310
6221
1273
8946
1382
3701
3686
2833
7791
8014
7467
1954
8466
8504
2568
9868
4193
1969
1204
4272
7178
9142
9773
7451
3375
6728
4289
8810
9459
857
880
7510
5390
9834
1673
9458
2655
6756
6836
9893
5620
7719
1113
1887
377
8520
9848
7967
4467
2317
3759
735
2069
1878
3046
7029
9564
2124
6391
2610
1066
399
8818
7390
5759
1452
5933
2631
8418
9425
6759
4608
3335
3266
6123
9123
7898
3750
4290
1381
5745
7173
2622
7821
7706
988
154
1104
9263
3887
6707
6899
9081
301
1372
6850
3987
6503
3726
7686
9962
9841
32
8393
928
5837
8563
9593
5927
9945
2577
1164
3824
7458
9867
4865
956
7288
6479
3472
2669
7944
8301
1397
3329
1376
2627
9295
6059
4074
9816
3002
6359
9276
9642
3838
9027
1701
3681
169
7920
1116
4367
1502
680
3508
1768
2892
7026
3635
1228
116
3738
607
7372
4192
1296
3501
587
4411
50
5648
7399
7471
2406
1627
9280
1235
1757
3961
4814
3449
1590
1615
3111
8
1374
3571
3690
716
6749
987
2234
6820
6733
5698
4092
5148
7005
9160
5337
9535
51
373
3603
2215
2458
1208
3159
7307
7286
1774
4955
2748
109
4668
7184
6649
1007
3138
6413
9910
742
4370
5686
5501
8103
7716
83
7768
9590
5133
3918
3592
9401
7679
9815
8919
6727
5087
7554
1254
